0 0.213512 0.425403 0.033637 0.020968
0 0.367731 0.425403 0.033637 0.020968
0 0.212942 0.683871 0.033637 0.020968
0 0.083523 0.683871 0.033637 0.020968
0 0.347349 0.643145 0.016249 0.015323
0 0.348062 0.670968 0.017674 0.019355
0 0.347634 0.697984 0.016819 0.019355
0 0.347634 0.725000 0.016819 0.019355
0 0.485034 0.639113 0.016819 0.019355
0 0.539196 0.636694 0.016819 0.019355
0 0.511545 0.372177 0.016819 0.019355
0 0.512400 0.344355 0.016819 0.019355
0 0.511830 0.315323 0.016819 0.019355
0 0.693700 0.316129 0.016819 0.019355
0 0.695125 0.343952 0.016819 0.019355
0 0.694555 0.372581 0.016819 0.019355
0 0.872149 0.356048 0.016819 0.019355
0 0.871294 0.298387 0.016819 0.019355
0 0.277936 0.839516 0.013113 0.019355
0 0.277936 0.867339 0.013113 0.019355
0 0.278506 0.895968 0.013113 0.019355
0 0.302737 0.836290 0.013113 0.019355
0 0.302737 0.866532 0.013113 0.019355
0 0.302166 0.895565 0.013113 0.019355
0 0.502851 0.838710 0.013113 0.019355
0 0.502851 0.863710 0.013113 0.019355
0 0.503421 0.888710 0.013113 0.019355
0 0.503421 0.915323 0.013113 0.019355
0 0.502566 0.940323 0.013113 0.019355
0 0.502566 0.964113 0.013113 0.019355
0 0.527936 0.838710 0.013113 0.019355
0 0.528791 0.864516 0.013113 0.019355
0 0.527936 0.888306 0.013113 0.019355
0 0.527936 0.914113 0.013113 0.019355
0 0.527936 0.939919 0.013113 0.019355
0 0.527936 0.964919 0.013113 0.019355
0 0.736317 0.845968 0.013113 0.019355
0 0.736317 0.875806 0.013113 0.019355
0 0.736317 0.903629 0.013113 0.019355
0 0.736317 0.932661 0.013113 0.019355
0 0.736317 0.960887 0.013113 0.019355
0 0.937286 0.845565 0.013113 0.019355
0 0.938141 0.888710 0.013113 0.019355
0 0.937571 0.936290 0.013113 0.019355
0 0.961517 0.888710 0.013113 0.019355
0 0.720496 0.620363 0.027081 0.023790
0 0.898090 0.620363 0.027081 0.023790
