0 0.393333 0.090354 0.043333 0.018013
0 0.448333 0.122894 0.043333 0.018013
0 0.447500 0.090936 0.043333 0.018013
0 0.396667 0.122894 0.043333 0.018013
0 0.445833 0.154271 0.043333 0.018013
0 0.945000 0.114759 0.043333 0.018013
0 0.947500 0.083963 0.043333 0.018013
0 0.948333 0.254794 0.043333 0.018013
0 0.948333 0.298954 0.043333 0.018013
0 0.949167 0.449448 0.043333 0.018013
0 0.948333 0.484893 0.043333 0.018013
0 0.446667 0.418071 0.043333 0.018013
0 0.446667 0.384370 0.043333 0.018013
0 0.446667 0.350668 0.043333 0.018013
0 0.394167 0.351249 0.043333 0.018013
0 0.393333 0.383788 0.043333 0.018013
0 0.393333 0.418071 0.043333 0.018013
0 0.393333 0.452353 0.043333 0.018013
0 0.393333 0.602847 0.043333 0.018013
0 0.393333 0.637130 0.043333 0.018013
0 0.444167 0.637130 0.043333 0.018013
0 0.445833 0.602266 0.043333 0.018013
0 0.445833 0.683033 0.043333 0.018013
0 0.392500 0.681871 0.043333 0.018013
0 0.895000 0.655723 0.043333 0.018013
0 0.947500 0.655723 0.043333 0.018013
0 0.947500 0.689425 0.043333 0.018013
0 0.947500 0.723707 0.043333 0.018013
0 0.896667 0.722545 0.043333 0.018013
0 0.897500 0.690587 0.043333 0.018013
0 0.949167 0.855026 0.043333 0.018013
0 0.949167 0.890471 0.043333 0.018013
0 0.948333 0.921848 0.043333 0.018013
0 0.395000 0.918361 0.043333 0.018013
0 0.395000 0.885822 0.043333 0.018013
0 0.396667 0.835270 0.043333 0.018013
0 0.450000 0.835851 0.043333 0.018013
0 0.446667 0.886984 0.043333 0.018013
0 0.445833 0.918361 0.043333 0.018013
