0 0.177683 0.437963 0.013743 0.020370
0 0.408050 0.437963 0.013743 0.020370
0 0.409359 0.536111 0.013743 0.020370
0 0.408704 0.630556 0.013743 0.020370
0 0.408050 0.735185 0.013743 0.020370
0 0.406741 0.837037 0.013743 0.020370
0 0.177029 0.832407 0.013743 0.020370
0 0.178338 0.733333 0.013743 0.020370
0 0.178338 0.629630 0.013743 0.020370
0 0.176374 0.535185 0.013743 0.020370
0 0.725458 0.116667 0.013743 0.020370
0 0.725458 0.141667 0.013743 0.020370
0 0.726113 0.170370 0.013743 0.020370
0 0.725458 0.198148 0.013743 0.020370
0 0.724804 0.225000 0.017670 0.020370
0 0.724804 0.253704 0.013743 0.020370
0 0.724149 0.278704 0.013743 0.020370
0 0.726113 0.304630 0.013743 0.020370
0 0.725458 0.332407 0.013743 0.020370
0 0.725458 0.357407 0.013743 0.020370
0 0.725458 0.387037 0.013743 0.020370
0 0.726113 0.416667 0.013743 0.020370
0 0.726113 0.438889 0.013743 0.020370
0 0.724804 0.468519 0.013743 0.020370
0 0.762762 0.466667 0.013743 0.020370
0 0.798757 0.468519 0.013743 0.020370
0 0.798757 0.440741 0.013743 0.020370
0 0.798102 0.412963 0.013743 0.020370
0 0.762762 0.440741 0.013743 0.020370
0 0.762107 0.412963 0.013743 0.020370
0 0.762107 0.384259 0.013743 0.020370
0 0.762762 0.359259 0.013743 0.020370
0 0.762762 0.331481 0.013743 0.020370
0 0.762762 0.305556 0.013743 0.020370
0 0.762107 0.278704 0.013743 0.020370
0 0.762762 0.250926 0.013743 0.020370
0 0.764071 0.224074 0.013743 0.020370
0 0.762762 0.198148 0.013743 0.020370
0 0.764071 0.171296 0.013743 0.020370
0 0.762762 0.142593 0.013743 0.020370
0 0.799411 0.144444 0.013743 0.020370
0 0.799411 0.168519 0.013743 0.020370
0 0.799411 0.197222 0.013743 0.020370
0 0.799411 0.223148 0.013743 0.020370
0 0.799411 0.250000 0.013743 0.020370
0 0.799411 0.278704 0.013743 0.020370
0 0.798757 0.306481 0.013743 0.020370
0 0.799411 0.334259 0.013743 0.020370
0 0.799411 0.361111 0.013743 0.020370
0 0.800065 0.385185 0.013743 0.020370
0 0.872055 0.468519 0.013743 0.020370
0 0.873364 0.439815 0.013743 0.020370
0 0.873364 0.410185 0.013743 0.020370
0 0.872709 0.387037 0.013743 0.020370
0 0.873364 0.362037 0.013743 0.020370
0 0.872709 0.333333 0.013743 0.020370
0 0.872709 0.305556 0.013743 0.020370
0 0.872055 0.280556 0.013743 0.020370
0 0.872709 0.252778 0.013743 0.020370
0 0.872709 0.225000 0.013743 0.020370
0 0.872055 0.199074 0.013743 0.020370
0 0.872055 0.169444 0.013743 0.020370
0 0.872709 0.142593 0.013743 0.020370
0 0.908050 0.144444 0.013743 0.020370
0 0.910013 0.168519 0.013743 0.020370
0 0.910668 0.198148 0.013743 0.020370
0 0.910013 0.224074 0.013743 0.020370
0 0.910013 0.250926 0.013743 0.020370
0 0.910013 0.276852 0.013743 0.020370
0 0.910013 0.304630 0.013743 0.020370
0 0.911976 0.332407 0.013743 0.020370
0 0.911322 0.360185 0.013743 0.020370
0 0.910013 0.388889 0.013743 0.020370
0 0.910013 0.413889 0.013743 0.020370
0 0.910668 0.441667 0.013743 0.020370
0 0.910668 0.468056 0.013743 0.025000
0 0.947644 0.469907 0.014398 0.023148
0 0.946990 0.441204 0.014398 0.023148
0 0.946990 0.415278 0.014398 0.023148
0 0.948298 0.388426 0.014398 0.023148
0 0.946990 0.361574 0.014398 0.023148
0 0.946990 0.334722 0.014398 0.023148
0 0.947644 0.308796 0.014398 0.023148
0 0.946990 0.281944 0.014398 0.023148
0 0.946335 0.250463 0.014398 0.023148
0 0.946335 0.224537 0.014398 0.023148
0 0.947644 0.200463 0.014398 0.023148
0 0.946335 0.172685 0.014398 0.023148
0 0.946990 0.144907 0.014398 0.023148
0 0.800720 0.521296 0.013743 0.020370
0 0.872709 0.522222 0.013743 0.020370
0 0.725458 0.627778 0.013743 0.020370
0 0.726113 0.655556 0.013743 0.020370
0 0.726113 0.681481 0.013743 0.020370
0 0.724149 0.709259 0.013743 0.020370
0 0.724804 0.735185 0.013743 0.020370
0 0.724804 0.762037 0.013743 0.020370
0 0.726113 0.787963 0.013743 0.020370
0 0.790249 0.654630 0.013743 0.020370
0 0.790903 0.626852 0.013743 0.020370
0 0.788285 0.680556 0.013743 0.020370
0 0.788940 0.708333 0.013743 0.020370
0 0.788940 0.736111 0.013743 0.020370
0 0.788285 0.762037 0.013743 0.020370
0 0.788940 0.789815 0.013743 0.020370
0 0.790249 0.815741 0.013743 0.020370
0 0.788940 0.843519 0.013743 0.020370
0 0.852421 0.789815 0.013743 0.020370
0 0.851767 0.762963 0.013743 0.020370
0 0.851767 0.734259 0.013743 0.020370
0 0.852421 0.707407 0.013743 0.020370
0 0.851767 0.680556 0.013743 0.020370
0 0.851113 0.654630 0.013743 0.020370
0 0.852421 0.627778 0.013743 0.020370
0 0.887762 0.624074 0.013743 0.020370
0 0.889725 0.654630 0.013743 0.020370
0 0.889071 0.683333 0.013743 0.020370
0 0.888416 0.711111 0.013743 0.020370
0 0.889071 0.737037 0.013743 0.020370
0 0.889071 0.763889 0.013743 0.020370
0 0.889071 0.789815 0.013743 0.020370
0 0.950589 0.790741 0.013743 0.020370
0 0.950589 0.762037 0.013743 0.020370
0 0.950589 0.737963 0.013743 0.020370
0 0.950589 0.708333 0.013743 0.020370
0 0.951243 0.680556 0.013743 0.020370
0 0.950589 0.653704 0.013743 0.020370
0 0.951243 0.628704 0.013743 0.020370
