0 0.26547116736990156 0.2339409722222222 0.009142053445850914 0.014756944444444444
0 0.22749648382559776 0.2764756944444444 0.009142053445850914 0.014756944444444444
0 0.22609001406469761 0.3120659722222222 0.009142053445850914 0.014756944444444444
0 0.22749648382559776 0.3424479166666667 0.009142053445850914 0.014756944444444444
0 0.22679324894514769 0.37890625 0.009142053445850914 0.014756944444444444
0 0.26476793248945146 0.3763020833333333 0.009142053445850914 0.014756944444444444
0 0.22749648382559776 0.4457465277777778 0.009142053445850914 0.014756944444444444
0 0.2661744022503516 0.4422743055555556 0.009142053445850914 0.014756944444444444
0 0.22538677918424754 0.5464409722222222 0.009142053445850914 0.014756944444444444
0 0.10021097046413502 0.5811631944444444 0.009142053445850914 0.014756944444444444
0 0.2661744022503516 0.8146701388888888 0.009142053445850914 0.014756944444444444
0 0.30063291139240506 0.8381076388888888 0.009142053445850914 0.014756944444444444
0 0.26547116736990156 0.8901909722222222 0.009142053445850914 0.014756944444444444
0 0.30063291139240506 0.8893229166666666 0.009142053445850914 0.014756944444444444
0 0.30063291139240506 0.9153645833333334 0.009142053445850914 0.014756944444444444
0 0.5573136427566807 0.08159722222222222 0.009142053445850914 0.012152777777777778
0 0.5566104078762306 0.2847222222222222 0.009142053445850914 0.012152777777777778
0 0.5566104078762306 0.4375 0.009142053445850914 0.012152777777777778
0 0.5566104078762306 0.4635416666666667 0.009142053445850914 0.012152777777777778
0 0.5580168776371308 0.4852430555555556 0.009142053445850914 0.012152777777777778
0 0.5566104078762306 0.5347222222222222 0.009142053445850914 0.012152777777777778
0 0.5566104078762306 0.6310763888888888 0.009142053445850914 0.012152777777777778
0 0.5566104078762306 0.6510416666666666 0.009142053445850914 0.012152777777777778
0 0.5552039381153305 0.8046875 0.009142053445850914 0.012152777777777778
0 0.5559071729957806 0.8428819444444444 0.009142053445850914 0.012152777777777778