0 0.22609001406469761 0.14453125 0.009142053445850914 0.014756944444444444
0 0.22679324894514769 0.1662326388888889 0.009142053445850914 0.014756944444444444
0 0.26758087201125175 0.7096354166666666 0.009142053445850914 0.014756944444444444
0 0.3020393811533052 0.7877604166666666 0.009142053445850914 0.014756944444444444
0 0.2661744022503516 0.8146701388888888 0.009142053445850914 0.014756944444444444
0 0.30133614627285515 0.8138020833333334 0.009142053445850914 0.014756944444444444
0 0.26476793248945146 0.9162326388888888 0.009142053445850914 0.014756944444444444
0 0.5559071729957806 0.1605902777777778 0.009142053445850914 0.012152777777777778
0 0.5580168776371308 0.4852430555555556 0.009142053445850914 0.012152777777777778
0 0.5580168776371308 0.6710069444444444 0.009142053445850914 0.012152777777777778
0 0.5559071729957806 0.7465277777777778 0.009142053445850914 0.012152777777777778
0 0.5566104078762306 0.9583333333333334 0.009142053445850914 0.012152777777777778