0 0.22609001406469761 0.14453125 0.009142053445850914 0.014756944444444444
0 0.2795358649789029 0.1449652777777778 0.009142053445850914 0.012152777777777778
0 0.22679324894514769 0.20182291666666666 0.009142053445850914 0.014756944444444444
0 0.22679324894514769 0.1662326388888889 0.009142053445850914 0.014756944444444444
0 0.2640646976090014 0.16536458333333334 0.009142053445850914 0.014756944444444444
0 0.26547116736990156 0.2339409722222222 0.009142053445850914 0.014756944444444444
0 0.22749648382559776 0.2764756944444444 0.009142053445850914 0.014756944444444444
0 0.22609001406469761 0.3120659722222222 0.009142053445850914 0.014756944444444444
0 0.26476793248945146 0.3111979166666667 0.009142053445850914 0.014756944444444444
0 0.22749648382559776 0.3424479166666667 0.009142053445850914 0.014756944444444444
0 0.26547116736990156 0.3433159722222222 0.009142053445850914 0.014756944444444444
0 0.2289029535864979 0.51171875 0.009142053445850914 0.014756944444444444
0 0.2661744022503516 0.5134548611111112 0.009142053445850914 0.014756944444444444
0 0.22538677918424754 0.5464409722222222 0.009142053445850914 0.014756944444444444
0 0.21554149085794655 0.5785590277777778 0.009142053445850914 0.014756944444444444
0 0.2633614627285513 0.5794270833333334 0.009142053445850914 0.014756944444444444
0 0.26758087201125175 0.7096354166666666 0.009142053445850914 0.014756944444444444
0 0.3020393811533052 0.7113715277777778 0.009142053445850914 0.014756944444444444
0 0.2661744022503516 0.7365451388888888 0.009142053445850914 0.014756944444444444
0 0.299929676511955 0.7365451388888888 0.009142053445850914 0.014756944444444444
0 0.3020393811533052 0.7877604166666666 0.009142053445850914 0.014756944444444444
0 0.2661744022503516 0.8146701388888888 0.009142053445850914 0.014756944444444444
0 0.30133614627285515 0.8138020833333334 0.009142053445850914 0.014756944444444444
0 0.26547116736990156 0.8381076388888888 0.009142053445850914 0.014756944444444444
0 0.30063291139240506 0.86328125 0.009142053445850914 0.014756944444444444
0 0.26547116736990156 0.8901909722222222 0.009142053445850914 0.014756944444444444
0 0.26476793248945146 0.9162326388888888 0.009142053445850914 0.014756944444444444
0 0.30063291139240506 0.9153645833333334 0.009142053445850914 0.014756944444444444
0 0.5573136427566807 0.08159722222222222 0.009142053445850914 0.012152777777777778
0 0.5580168776371308 0.12239583333333333 0.009142053445850914 0.012152777777777778
0 0.5580168776371308 0.1423611111111111 0.009142053445850914 0.012152777777777778
0 0.5559071729957806 0.1831597222222222 0.009142053445850914 0.012152777777777778
0 0.5573136427566807 0.25 0.009142053445850914 0.012152777777777778
0 0.5559071729957806 0.3194444444444444 0.009142053445850914 0.012152777777777778
0 0.5552039381153305 0.3576388888888889 0.009142053445850914 0.012152777777777778
0 0.5580168776371308 0.4852430555555556 0.009142053445850914 0.012152777777777778
0 0.5566104078762306 0.5347222222222222 0.009142053445850914 0.012152777777777778
0 0.5566104078762306 0.6510416666666666 0.009142053445850914 0.012152777777777778
0 0.5580168776371308 0.6710069444444444 0.009142053445850914 0.012152777777777778
0 0.5566104078762306 0.7092013888888888 0.009142053445850914 0.012152777777777778
0 0.5559071729957806 0.7465277777777778 0.009142053445850914 0.012152777777777778
0 0.5552039381153305 0.7673611111111112 0.009142053445850914 0.012152777777777778
0 0.5552039381153305 0.8046875 0.009142053445850914 0.012152777777777778
0 0.5566104078762306 0.9001736111111112 0.009142053445850914 0.012152777777777778