0 0.24859353023909986 0.14366319444444445 0.009142053445850914 0.014756944444444444
0 0.22679324894514769 0.20182291666666666 0.009142053445850914 0.014756944444444444
0 0.26547116736990156 0.2339409722222222 0.009142053445850914 0.014756944444444444
0 0.26476793248945146 0.3111979166666667 0.009142053445850914 0.014756944444444444
0 0.26476793248945146 0.3763020833333333 0.009142053445850914 0.014756944444444444
0 0.22749648382559776 0.4110243055555556 0.009142053445850914 0.014756944444444444
0 0.26476793248945146 0.5464409722222222 0.009142053445850914 0.014756944444444444
0 0.16279887482419128 0.5811631944444444 0.009142053445850914 0.014756944444444444
0 0.2633614627285513 0.5794270833333334 0.009142053445850914 0.014756944444444444
0 0.299929676511955 0.7365451388888888 0.009142053445850914 0.014756944444444444
0 0.26547116736990156 0.86328125 0.009142053445850914 0.014756944444444444
0 0.26547116736990156 0.8901909722222222 0.009142053445850914 0.014756944444444444
0 0.30063291139240506 0.8893229166666666 0.009142053445850914 0.014756944444444444
0 0.5573136427566807 0.08159722222222222 0.009142053445850914 0.012152777777777778
0 0.5573136427566807 0.25 0.009142053445850914 0.012152777777777778
0 0.5566104078762306 0.6510416666666666 0.009142053445850914 0.012152777777777778
0 0.5566104078762306 0.6892361111111112 0.009142053445850914 0.012152777777777778
0 0.5552039381153305 0.7673611111111112 0.009142053445850914 0.012152777777777778
0 0.5552039381153305 0.8046875 0.009142053445850914 0.012152777777777778
0 0.5559071729957806 0.8255208333333334 0.009142053445850914 0.012152777777777778