0 0.24859353023909986 0.14366319444444445 0.009142053445850914 0.014756944444444444
0 0.2795358649789029 0.1449652777777778 0.009142053445850914 0.012152777777777778
0 0.2640646976090014 0.16536458333333334 0.009142053445850914 0.014756944444444444
0 0.22749648382559776 0.2764756944444444 0.009142053445850914 0.014756944444444444
0 0.22609001406469761 0.3120659722222222 0.009142053445850914 0.014756944444444444
0 0.2661744022503516 0.5134548611111112 0.009142053445850914 0.014756944444444444
0 0.21554149085794655 0.5785590277777778 0.009142053445850914 0.014756944444444444
0 0.2633614627285513 0.5794270833333334 0.009142053445850914 0.014756944444444444
0 0.3020393811533052 0.7113715277777778 0.009142053445850914 0.014756944444444444
0 0.299929676511955 0.7365451388888888 0.009142053445850914 0.014756944444444444
0 0.2668776371308017 0.7634548611111112 0.009142053445850914 0.014756944444444444
0 0.2661744022503516 0.7877604166666666 0.009142053445850914 0.014756944444444444
0 0.2661744022503516 0.8146701388888888 0.009142053445850914 0.014756944444444444
0 0.30133614627285515 0.8138020833333334 0.009142053445850914 0.014756944444444444
0 0.26547116736990156 0.8381076388888888 0.009142053445850914 0.014756944444444444
0 0.26547116736990156 0.86328125 0.009142053445850914 0.014756944444444444
0 0.30063291139240506 0.86328125 0.009142053445850914 0.014756944444444444
0 0.30063291139240506 0.9153645833333334 0.009142053445850914 0.014756944444444444
0 0.5580168776371308 0.1423611111111111 0.009142053445850914 0.012152777777777778
0 0.5559071729957806 0.1831597222222222 0.009142053445850914 0.012152777777777778
0 0.5573136427566807 0.2170138888888889 0.009142053445850914 0.012152777777777778
0 0.5573136427566807 0.25 0.009142053445850914 0.012152777777777778
0 0.5552039381153305 0.3576388888888889 0.009142053445850914 0.012152777777777778
0 0.5580168776371308 0.4852430555555556 0.009142053445850914 0.012152777777777778
0 0.5573136427566807 0.5121527777777778 0.009142053445850914 0.012152777777777778
0 0.5566104078762306 0.6510416666666666 0.009142053445850914 0.012152777777777778
0 0.5580168776371308 0.6710069444444444 0.009142053445850914 0.012152777777777778
0 0.5552039381153305 0.7291666666666666 0.009142053445850914 0.012152777777777778
0 0.5559071729957806 0.7465277777777778 0.009142053445850914 0.012152777777777778
0 0.5552039381153305 0.7673611111111112 0.009142053445850914 0.012152777777777778
0 0.5552039381153305 0.7847222222222222 0.009142053445850914 0.012152777777777778
0 0.5552039381153305 0.8046875 0.009142053445850914 0.012152777777777778
0 0.5559071729957806 0.8255208333333334 0.009142053445850914 0.012152777777777778
0 0.5566104078762306 0.8619791666666666 0.009142053445850914 0.012152777777777778
0 0.5566104078762306 0.8810763888888888 0.009142053445850914 0.012152777777777778
0 0.5559071729957806 0.9383680555555556 0.009142053445850914 0.012152777777777778