0 0.22679324894514769 0.2339409722222222 0.009142053445850914 0.014756944444444444
0 0.22749648382559776 0.3424479166666667 0.009142053445850914 0.014756944444444444
0 0.26547116736990156 0.3433159722222222 0.009142053445850914 0.014756944444444444
0 0.2289029535864979 0.51171875 0.009142053445850914 0.014756944444444444
0 0.3020393811533052 0.7113715277777778 0.009142053445850914 0.014756944444444444
0 0.2668776371308017 0.7634548611111112 0.009142053445850914 0.014756944444444444
0 0.2661744022503516 0.7877604166666666 0.009142053445850914 0.014756944444444444
0 0.3020393811533052 0.7877604166666666 0.009142053445850914 0.014756944444444444
0 0.26547116736990156 0.8381076388888888 0.009142053445850914 0.014756944444444444
0 0.30063291139240506 0.8893229166666666 0.009142053445850914 0.014756944444444444
0 0.26476793248945146 0.9162326388888888 0.009142053445850914 0.014756944444444444
0 0.30063291139240506 0.9153645833333334 0.009142053445850914 0.014756944444444444
0 0.5580168776371308 0.12239583333333333 0.009142053445850914 0.012152777777777778
0 0.5580168776371308 0.1423611111111111 0.009142053445850914 0.012152777777777778
0 0.5566104078762306 0.4375 0.009142053445850914 0.012152777777777778
0 0.5580168776371308 0.4852430555555556 0.009142053445850914 0.012152777777777778
0 0.5566104078762306 0.5347222222222222 0.009142053445850914 0.012152777777777778
0 0.5566104078762306 0.6310763888888888 0.009142053445850914 0.012152777777777778
0 0.5566104078762306 0.7092013888888888 0.009142053445850914 0.012152777777777778
0 0.5559071729957806 0.7465277777777778 0.009142053445850914 0.012152777777777778
0 0.5552039381153305 0.8046875 0.009142053445850914 0.012152777777777778
0 0.5566104078762306 0.8619791666666666 0.009142053445850914 0.012152777777777778
0 0.5559071729957806 0.9383680555555556 0.009142053445850914 0.012152777777777778