0 0.22679324894514769 0.20182291666666666 0.009142053445850914 0.014756944444444444
0 0.22749648382559776 0.2764756944444444 0.009142053445850914 0.014756944444444444
0 0.22749648382559776 0.4110243055555556 0.009142053445850914 0.014756944444444444
0 0.2289029535864979 0.51171875 0.009142053445850914 0.014756944444444444
0 0.26476793248945146 0.5464409722222222 0.009142053445850914 0.014756944444444444
0 0.2633614627285513 0.5794270833333334 0.009142053445850914 0.014756944444444444
0 0.26758087201125175 0.7096354166666666 0.009142053445850914 0.014756944444444444
0 0.2661744022503516 0.7365451388888888 0.009142053445850914 0.014756944444444444
0 0.299929676511955 0.7365451388888888 0.009142053445850914 0.014756944444444444
0 0.26547116736990156 0.8381076388888888 0.009142053445850914 0.014756944444444444
0 0.30063291139240506 0.86328125 0.009142053445850914 0.014756944444444444
0 0.26476793248945146 0.9162326388888888 0.009142053445850914 0.014756944444444444
0 0.5573136427566807 0.08159722222222222 0.009142053445850914 0.012152777777777778
0 0.5552039381153305 0.3576388888888889 0.009142053445850914 0.012152777777777778
0 0.5566104078762306 0.5347222222222222 0.009142053445850914 0.012152777777777778
0 0.5580168776371308 0.6710069444444444 0.009142053445850914 0.012152777777777778
0 0.5566104078762306 0.6892361111111112 0.009142053445850914 0.012152777777777778
0 0.5552039381153305 0.8046875 0.009142053445850914 0.012152777777777778
0 0.5559071729957806 0.8428819444444444 0.009142053445850914 0.012152777777777778