0 0.22679324894514769 0.20182291666666666 0.009142053445850914 0.014756944444444444
0 0.26547116736990156 0.2339409722222222 0.009142053445850914 0.014756944444444444
0 0.22679324894514769 0.2339409722222222 0.009142053445850914 0.014756944444444444
0 0.22749648382559776 0.2764756944444444 0.009142053445850914 0.014756944444444444
0 0.22609001406469761 0.3120659722222222 0.009142053445850914 0.014756944444444444
0 0.26476793248945146 0.3111979166666667 0.009142053445850914 0.014756944444444444
0 0.22679324894514769 0.37890625 0.009142053445850914 0.014756944444444444
0 0.26476793248945146 0.4778645833333333 0.009142053445850914 0.014756944444444444
0 0.10021097046413502 0.5811631944444444 0.009142053445850914 0.014756944444444444
0 0.21554149085794655 0.5785590277777778 0.009142053445850914 0.014756944444444444
0 0.3020393811533052 0.7113715277777778 0.009142053445850914 0.014756944444444444
0 0.2661744022503516 0.7877604166666666 0.009142053445850914 0.014756944444444444
0 0.30133614627285515 0.8138020833333334 0.009142053445850914 0.014756944444444444
0 0.30063291139240506 0.8381076388888888 0.009142053445850914 0.014756944444444444
0 0.26547116736990156 0.86328125 0.009142053445850914 0.014756944444444444
0 0.5573136427566807 0.10416666666666667 0.009142053445850914 0.012152777777777778
0 0.5580168776371308 0.12239583333333333 0.009142053445850914 0.012152777777777778
0 0.5559071729957806 0.1605902777777778 0.009142053445850914 0.012152777777777778
0 0.5566104078762306 0.2847222222222222 0.009142053445850914 0.012152777777777778
0 0.5580168776371308 0.4852430555555556 0.009142053445850914 0.012152777777777778
0 0.5566104078762306 0.5347222222222222 0.009142053445850914 0.012152777777777778
0 0.5559071729957806 0.7465277777777778 0.009142053445850914 0.012152777777777778
0 0.5552039381153305 0.8046875 0.009142053445850914 0.012152777777777778
0 0.5566104078762306 0.8810763888888888 0.009142053445850914 0.012152777777777778
0 0.5566104078762306 0.9001736111111112 0.009142053445850914 0.012152777777777778
0 0.5559071729957806 0.9192708333333334 0.009142053445850914 0.012152777777777778
0 0.5559071729957806 0.9383680555555556 0.009142053445850914 0.012152777777777778