0 0.381348 0.283203 0.026367 0.013672
0 0.450684 0.305664 0.026367 0.013672
0 0.417480 0.330078 0.026367 0.013672
0 0.382324 0.352539 0.026367 0.013672
0 0.450684 0.375977 0.026367 0.013672
0 0.381348 0.398438 0.026367 0.013672
0 0.625488 0.336914 0.026367 0.013672
0 0.626465 0.288086 0.026367 0.013672
0 0.624512 0.383789 0.026367 0.013672
0 0.948730 0.389648 0.026367 0.013672
0 0.947754 0.339844 0.026367 0.013672
0 0.948730 0.293945 0.026367 0.013672
0 0.826660 0.471680 0.026367 0.013672
0 0.858887 0.494141 0.026367 0.013672
0 0.827637 0.519531 0.026367 0.013672
0 0.917480 0.517578 0.026367 0.013672
0 0.948730 0.493164 0.026367 0.013672
0 0.916504 0.469727 0.026367 0.013672
0 0.625488 0.470703 0.026367 0.013672
0 0.623535 0.520508 0.026367 0.013672
0 0.404785 0.473633 0.026367 0.013672
0 0.404785 0.522461 0.026367 0.013672
0 0.403809 0.573242 0.026367 0.013672
0 0.342285 0.547852 0.026367 0.013672
0 0.343262 0.499023 0.026367 0.013672
0 0.343262 0.595703 0.026367 0.013672
0 0.345215 0.677734 0.026367 0.013672
0 0.343262 0.702148 0.026367 0.013672
0 0.642090 0.648438 0.026367 0.013672
0 0.675293 0.676758 0.026367 0.013672
0 0.642090 0.698242 0.026367 0.013672
0 0.676270 0.721680 0.026367 0.013672
0 0.641113 0.747070 0.026367 0.013672
0 0.676270 0.769531 0.026367 0.013672
0 0.642090 0.795898 0.026367 0.013672
0 0.825684 0.745117 0.026367 0.013672
0 0.858887 0.721680 0.026367 0.013672
0 0.827637 0.698242 0.026367 0.013672
0 0.861816 0.673828 0.026367 0.013672
0 0.827637 0.648438 0.026367 0.013672
0 0.917480 0.649414 0.026367 0.013672
0 0.950684 0.675781 0.026367 0.013672
0 0.917480 0.701172 0.026367 0.013672
0 0.947754 0.722656 0.026367 0.013672
0 0.916504 0.748047 0.026367 0.013672
