1 0.146166 0.205287 0.010383 0.012373
1 0.146565 0.183915 0.010383 0.012373
1 0.146166 0.229471 0.010383 0.012373
1 0.145767 0.251969 0.010383 0.012373
1 0.146565 0.275591 0.010383 0.012373
1 0.146166 0.299213 0.010383 0.012373
1 0.146565 0.322272 0.010383 0.012373
1 0.145767 0.384139 0.010383 0.012373
1 0.146965 0.406637 0.010383 0.012373
1 0.146166 0.474128 0.010383 0.012373
1 0.145367 0.497188 0.010383 0.012373
1 0.311901 0.442632 0.010383 0.012373
1 0.310703 0.419573 0.010383 0.012373
1 0.310304 0.374578 0.010383 0.012373
1 0.311502 0.327897 0.010383 0.012373
1 0.310304 0.279528 0.010383 0.012373
1 0.311502 0.233408 0.010383 0.012373
1 0.310703 0.186164 0.010383 0.012373
1 0.456070 0.186727 0.010383 0.012373
1 0.492412 0.210911 0.010383 0.012373
1 0.455272 0.234533 0.010383 0.012373
1 0.491613 0.257030 0.010383 0.012373
1 0.454473 0.281777 0.010383 0.012373
1 0.491214 0.305962 0.010383 0.012373
1 0.454872 0.327897 0.010383 0.012373
1 0.492013 0.374016 0.010383 0.012373
1 0.454473 0.398763 0.010383 0.012373
1 0.491214 0.420697 0.010383 0.012373
1 0.454872 0.444882 0.010383 0.012373
1 0.492013 0.490439 0.010383 0.012373
1 0.455272 0.514061 0.010383 0.012373
1 0.492013 0.538808 0.010383 0.012373
1 0.455272 0.560742 0.010383 0.012373
1 0.310304 0.560180 0.010383 0.012373
1 0.311102 0.511811 0.010383 0.012373
1 0.298722 0.652418 0.010383 0.012373
1 0.145767 0.618673 0.010383 0.012373
1 0.146565 0.663667 0.010383 0.012373
1 0.146565 0.686164 0.010383 0.012373
1 0.162141 0.779528 0.010383 0.012373
1 0.161342 0.808774 0.010383 0.012373
1 0.161741 0.836333 0.010383 0.012373
1 0.184505 0.943195 0.010383 0.012373
1 0.299920 0.886389 0.010383 0.012373
1 0.300319 0.839708 0.010383 0.012373
1 0.299920 0.794713 0.010383 0.012373
1 0.299920 0.746907 0.010383 0.012373
1 0.299920 0.697413 0.010383 0.012373
1 0.485623 0.683352 0.010383 0.012373
1 0.486422 0.727784 0.010383 0.012373
1 0.486821 0.776153 0.010383 0.012373
1 0.426917 0.865579 0.010383 0.012373
1 0.426518 0.911699 0.010383 0.012373
1 0.453275 0.911699 0.010383 0.012373
1 0.453275 0.888639 0.010383 0.012373
1 0.478834 0.866142 0.010383 0.012373
1 0.505192 0.888639 0.010383 0.012373
1 0.479233 0.911699 0.010383 0.012373
1 0.426518 0.935883 0.010383 0.012373
1 0.654153 0.716535 0.010383 0.012373
1 0.653355 0.762655 0.010383 0.012373
1 0.652955 0.808774 0.010383 0.012373
1 0.661741 0.921260 0.010383 0.012373
1 0.676118 0.832396 0.010383 0.012373
1 0.805511 0.778965 0.010383 0.012373
1 0.805511 0.732283 0.010383 0.012373
1 0.786741 0.651294 0.010383 0.012373
1 0.787540 0.604049 0.010383 0.012373
1 0.787141 0.557930 0.010383 0.012373
1 0.787540 0.533183 0.010383 0.012373
1 0.674920 0.530934 0.010383 0.012373
1 0.676118 0.577615 0.010383 0.012373
1 0.675319 0.601237 0.010383 0.012373
1 0.674521 0.624297 0.010383 0.012373
1 0.805112 0.826772 0.010383 0.012373
1 0.805911 0.848706 0.010383 0.012373
1 0.662141 0.965129 0.010383 0.012373
1 0.673722 0.942070 0.010383 0.012373
1 0.939297 0.763498 0.008786 0.012936
1 0.925719 0.810180 0.008786 0.012936
1 0.937700 0.856862 0.008786 0.012936
1 0.978435 0.881046 0.008786 0.012936
1 0.965655 0.902981 0.008786 0.012936
1 0.937700 0.926603 0.008786 0.012936
1 0.926518 0.950225 0.008786 0.012936
1 0.954473 0.968785 0.008786 0.012936
1 0.977236 0.763498 0.008786 0.012936
1 0.938498 0.830990 0.008786 0.012936
1 0.939297 0.717379 0.008786 0.012936
1 0.938498 0.668448 0.008786 0.012936
1 0.965256 0.644826 0.008786 0.012936
1 0.965256 0.692632 0.008786 0.012936
1 0.939297 0.622328 0.008786 0.012936
1 0.964457 0.739314 0.008786 0.012936
1 0.939297 0.785433 0.008786 0.012936
1 0.655751 0.448256 0.010383 0.012373
1 0.653754 0.426322 0.010383 0.012373
1 0.654952 0.376828 0.010383 0.012373
1 0.656150 0.329021 0.010383 0.012373
1 0.660942 0.230034 0.010383 0.012373
1 0.660144 0.182790 0.010383 0.012373
1 0.787939 0.181102 0.010383 0.012373
1 0.787141 0.226097 0.010383 0.012373
1 0.787141 0.272778 0.010383 0.012373
1 0.808706 0.296400 0.010383 0.012373
1 0.808706 0.249156 0.010383 0.012373
1 0.809904 0.202475 0.010383 0.012373
1 0.929313 0.182227 0.010383 0.012373
1 0.949681 0.206412 0.010383 0.012373
1 0.929313 0.228909 0.010383 0.012373
1 0.929712 0.273903 0.010383 0.012373
1 0.972843 0.298650 0.010383 0.012373
1 0.928914 0.344769 0.010383 0.012373
1 0.928914 0.390326 0.010383 0.012373
1 0.791933 0.379640 0.010383 0.012373
1 0.803914 0.401575 0.010383 0.012373
1 0.792332 0.426322 0.010383 0.012373
1 0.803115 0.448256 0.010383 0.012373
1 0.929313 0.462317 0.010383 0.012373
1 0.928914 0.509561 0.010383 0.012373
1 0.930511 0.532058 0.010383 0.012373
