0 0.287211 0.249051 0.017732 0.018223
0 0.287211 0.271830 0.017732 0.018223
0 0.288286 0.295368 0.017732 0.018223
0 0.286674 0.316629 0.017732 0.018223
0 0.287749 0.338648 0.017732 0.018223
0 0.287749 0.361427 0.017732 0.018223
0 0.287749 0.383447 0.017732 0.018223
0 0.288286 0.406226 0.017732 0.018223
0 0.592423 0.249810 0.017732 0.018223
0 0.590274 0.269552 0.017732 0.018223
0 0.590274 0.291572 0.017732 0.018223
0 0.590811 0.311314 0.017732 0.018223
0 0.472058 0.441913 0.017732 0.018223
0 0.514508 0.441154 0.017732 0.018223
0 0.591886 0.334852 0.017732 0.018223
0 0.558033 0.442673 0.017732 0.018223
0 0.557496 0.464692 0.017732 0.018223
0 0.558571 0.483675 0.017732 0.018223
0 0.557496 0.506454 0.017732 0.018223
0 0.558571 0.529233 0.017732 0.018223
0 0.558033 0.551253 0.017732 0.018223
0 0.557496 0.570995 0.017732 0.018223
0 0.557496 0.592255 0.017732 0.018223
0 0.514508 0.611997 0.017732 0.018223
0 0.513971 0.572513 0.017732 0.018223
0 0.514508 0.527715 0.017732 0.018223
0 0.472595 0.507973 0.017732 0.018223
0 0.470983 0.483675 0.017732 0.018223
0 0.472595 0.547456 0.017732 0.018223
0 0.472058 0.592255 0.017732 0.018223
0 0.472595 0.637054 0.017732 0.018223
0 0.512896 0.656796 0.017732 0.018223
0 0.556421 0.637054 0.017732 0.018223
0 0.556421 0.700076 0.017732 0.018223
0 0.515583 0.719818 0.017732 0.018223
0 0.473670 0.697798 0.017732 0.018223
0 0.472058 0.741838 0.017732 0.018223
0 0.473670 0.784358 0.017732 0.018223
0 0.513434 0.763857 0.017732 0.018223
0 0.514508 0.805619 0.017732 0.018223
0 0.558033 0.763857 0.017732 0.018223
0 0.556421 0.803341 0.017732 0.018223
0 0.263031 0.762339 0.017732 0.018223
0 0.261956 0.801822 0.017732 0.018223
0 0.261956 0.841306 0.017732 0.018223
0 0.261956 0.884586 0.017732 0.018223
0 0.263031 0.926348 0.017732 0.018223
0 0.226491 0.665907 0.017732 0.018223
0 0.226491 0.626424 0.017732 0.018223
0 0.225954 0.584662 0.017732 0.018223
0 0.224879 0.544419 0.017732 0.018223
0 0.170607 0.564920 0.017732 0.018223
0 0.168995 0.604404 0.017732 0.018223
0 0.168995 0.646166 0.017732 0.018223
0 0.288286 0.606682 0.017732 0.018223
0 0.288286 0.564920 0.017732 0.018223
0 0.288286 0.646166 0.017732 0.018223
0 0.738044 0.565680 0.017732 0.018223
0 0.738581 0.522399 0.017732 0.018223
0 0.738581 0.475323 0.017732 0.018223
0 0.737507 0.426727 0.017732 0.018223
0 0.739656 0.382688 0.017732 0.018223
0 0.739656 0.337130 0.017732 0.018223
0 0.740193 0.294609 0.017732 0.018223
0 0.738581 0.247532 0.017732 0.018223
0 0.903546 0.249051 0.017732 0.018223
0 0.906233 0.294609 0.017732 0.018223
0 0.905696 0.337889 0.017732 0.018223
0 0.904621 0.384207 0.017732 0.018223
0 0.905159 0.429005 0.017732 0.018223
0 0.904621 0.474563 0.017732 0.018223
0 0.904621 0.517844 0.017732 0.018223
0 0.755239 0.683371 0.017732 0.018223
0 0.757389 0.732726 0.017732 0.018223
0 0.755776 0.782080 0.017732 0.018223
0 0.755239 0.823842 0.017732 0.018223
0 0.757389 0.873197 0.017732 0.018223
0 0.756851 0.919514 0.017732 0.018223
0 0.801988 0.897494 0.017732 0.018223
0 0.800376 0.848140 0.017732 0.018223
0 0.801988 0.801063 0.017732 0.018223
0 0.800913 0.757024 0.017732 0.018223
0 0.800913 0.709188 0.017732 0.018223
0 0.469371 0.904328 0.017732 0.018223
0 0.591349 0.921033 0.017732 0.018223
0 0.588931 0.443432 0.010747 0.016705
0 0.587319 0.482916 0.010747 0.016705
0 0.587856 0.530752 0.010747 0.016705
0 0.587856 0.590737 0.010747 0.016705
0 0.587319 0.655277 0.010747 0.016705
0 0.587856 0.720577 0.010747 0.016705
0 0.585707 0.786636 0.010747 0.016705
0 0.286943 0.823083 0.010747 0.016705
0 0.287480 0.781321 0.010747 0.016705
0 0.925846 0.271830 0.010747 0.016705
0 0.925846 0.317388 0.010747 0.016705
0 0.924772 0.362187 0.010747 0.016705
0 0.924772 0.409263 0.010747 0.016705
0 0.924772 0.451784 0.010747 0.016705
0 0.924772 0.496583 0.010747 0.016705
0 0.761956 0.542141 0.010747 0.016705
0 0.764105 0.497342 0.010747 0.016705
0 0.763568 0.453303 0.010747 0.016705
0 0.764105 0.406226 0.010747 0.016705
0 0.763568 0.358390 0.010747 0.016705
0 0.762493 0.317388 0.010747 0.016705
0 0.765180 0.272589 0.010747 0.016705
