0 0.095726 0.178485 0.018234 0.016922
0 0.200000 0.178485 0.018234 0.016922
0 0.304274 0.178485 0.018234 0.016922
0 0.303704 0.309831 0.018234 0.016922
0 0.198860 0.309831 0.018234 0.016922
0 0.095157 0.308219 0.018234 0.016922
0 0.097436 0.440371 0.018234 0.016922
0 0.199430 0.437953 0.018234 0.016922
0 0.303134 0.438759 0.018234 0.016922
0 0.303134 0.570105 0.018234 0.016922
0 0.304274 0.702256 0.018234 0.016922
0 0.200570 0.702256 0.018234 0.016922
0 0.199430 0.567687 0.018234 0.016922
0 0.096296 0.568493 0.018234 0.016922
0 0.095157 0.700645 0.018234 0.016922
0 0.095726 0.831185 0.018234 0.016922
0 0.201140 0.960113 0.018234 0.016922
0 0.199430 0.830379 0.018234 0.016922
0 0.096866 0.960919 0.018234 0.016922
0 0.454131 0.700645 0.018234 0.016922
0 0.454701 0.749799 0.018234 0.016922
0 0.453561 0.800564 0.018234 0.016922
0 0.454701 0.849718 0.018234 0.016922
0 0.453561 0.900483 0.018234 0.016922
0 0.491168 0.926269 0.018234 0.016922
0 0.491168 0.877115 0.018234 0.016922
0 0.491738 0.827156 0.018234 0.016922
0 0.492308 0.773973 0.018234 0.016922
0 0.491168 0.726430 0.018234 0.016922
0 0.491738 0.609589 0.018234 0.016922
0 0.490598 0.557212 0.018234 0.016922
0 0.454701 0.533038 0.018234 0.016922
0 0.614245 0.531426 0.018234 0.016922
0 0.614815 0.579774 0.018234 0.016922
0 0.614815 0.630540 0.018234 0.016922
0 0.615385 0.681305 0.018234 0.016922
0 0.615385 0.777196 0.018234 0.016922
0 0.614245 0.827156 0.018234 0.016922
0 0.615385 0.877921 0.018234 0.016922
0 0.615385 0.927881 0.018234 0.016922
0 0.736182 0.928687 0.018234 0.016922
0 0.736182 0.877921 0.018234 0.016922
0 0.735043 0.828767 0.018234 0.016922
0 0.735613 0.703868 0.018234 0.016922
0 0.735043 0.655520 0.018234 0.016922
0 0.734473 0.553183 0.018234 0.016922
0 0.615385 0.448429 0.018234 0.016922
0 0.615385 0.398469 0.018234 0.016922
0 0.614815 0.302579 0.018234 0.016922
0 0.614815 0.255842 0.018234 0.016922
0 0.615385 0.159952 0.018234 0.016922
0 0.615385 0.110798 0.018234 0.016922
0 0.735043 0.192184 0.018234 0.016922
0 0.735043 0.242143 0.018234 0.016922
0 0.735043 0.291297 0.018234 0.016922
0 0.736182 0.342063 0.018234 0.016922
0 0.733903 0.392023 0.018234 0.016922
0 0.734473 0.443594 0.018234 0.016922
0 0.735613 0.491136 0.018234 0.016922
1 0.460114 0.085415 0.013105 0.016116
1 0.492023 0.107977 0.013105 0.016116
1 0.460684 0.133763 0.013105 0.016116
1 0.492593 0.159549 0.013105 0.016116
1 0.461254 0.183723 0.013105 0.016116
1 0.493162 0.207897 0.013105 0.016116
1 0.460684 0.236100 0.013105 0.016116
1 0.493162 0.259468 0.013105 0.016116
1 0.460684 0.283642 0.013105 0.016116
1 0.493162 0.311039 0.013105 0.016116
1 0.461254 0.336019 0.013105 0.016116
1 0.492023 0.360193 0.013105 0.016116
1 0.460684 0.385173 0.013105 0.016116
1 0.492023 0.410959 0.013105 0.016116
0 0.856410 0.212329 0.018234 0.016922
0 0.855840 0.259065 0.018234 0.016922
0 0.855271 0.305802 0.018234 0.016922
0 0.857550 0.356567 0.018234 0.016922
0 0.857550 0.403304 0.018234 0.016922
0 0.855840 0.475020 0.018234 0.016922
0 0.853561 0.543513 0.018234 0.016922
0 0.855840 0.602337 0.018234 0.016922
0 0.854701 0.653102 0.018234 0.016922
0 0.855271 0.707091 0.018234 0.016922
0 0.854131 0.753022 0.018234 0.016922
0 0.855271 0.799758 0.018234 0.016922
0 0.857550 0.845689 0.018234 0.016922
0 0.854701 0.912571 0.018234 0.016922
0 0.855840 0.954472 0.018234 0.016922
0 0.969231 0.623288 0.018234 0.016922
0 0.966952 0.673247 0.018234 0.016922
0 0.966952 0.724013 0.018234 0.016922
0 0.969231 0.775584 0.018234 0.016922
0 0.968661 0.878727 0.018234 0.016922
0 0.968091 0.927881 0.018234 0.016922
0 0.968661 0.544319 0.018234 0.016922
0 0.968091 0.491942 0.018234 0.016922
0 0.966952 0.444400 0.018234 0.016922
0 0.968661 0.392828 0.018234 0.016922
0 0.968091 0.342063 0.018234 0.016922
0 0.968091 0.293715 0.018234 0.016922
0 0.966382 0.239726 0.018234 0.016922
0 0.969231 0.192990 0.018234 0.016922
