0 0.023090 0.189205 0.014274 0.020166
0 0.182620 0.190985 0.015953 0.023725
0 0.181780 0.293001 0.015953 0.023725
0 0.023090 0.313167 0.015953 0.023725
0 0.023090 0.462633 0.015953 0.023725
0 0.181780 0.465006 0.015953 0.023725
0 0.022250 0.615658 0.015953 0.023725
0 0.180940 0.614472 0.015953 0.023725
0 0.184299 0.761566 0.015953 0.023725
0 0.025609 0.758007 0.015953 0.023725
0 0.025609 0.940688 0.015953 0.023725
0 0.015533 0.352906 0.009236 0.010676
0 0.014694 0.368327 0.009236 0.010676
0 0.172544 0.327995 0.009236 0.010676
0 0.172544 0.343416 0.009236 0.010676
0 0.172544 0.357651 0.009236 0.010676
0 0.172544 0.370700 0.009236 0.010676
0 0.014694 0.500000 0.009236 0.010676
0 0.015533 0.516607 0.009236 0.010676
0 0.175063 0.503559 0.009236 0.010676
0 0.174223 0.518980 0.009236 0.010676
0 0.174223 0.651839 0.009236 0.010676
0 0.174223 0.668446 0.009236 0.010676
0 0.014694 0.669632 0.009236 0.010676
0 0.015533 0.651839 0.009236 0.010676
0 0.174223 0.806050 0.009236 0.010676
0 0.173384 0.823843 0.009236 0.010676
0 0.013854 0.803677 0.009236 0.010676
0 0.014694 0.819098 0.009236 0.010676
0 0.508396 0.138790 0.010915 0.014235
0 0.507557 0.157770 0.010915 0.014235
0 0.508396 0.174377 0.010915 0.014235
0 0.508396 0.193357 0.010915 0.014235
0 0.507557 0.211151 0.010915 0.014235
0 0.507557 0.227758 0.010915 0.014235
0 0.507557 0.246738 0.010915 0.014235
0 0.508396 0.266904 0.010915 0.014235
0 0.508396 0.284698 0.010915 0.014235
0 0.520991 0.284698 0.010915 0.014235
0 0.520151 0.265718 0.010915 0.014235
0 0.520991 0.137604 0.010915 0.014235
0 0.520991 0.155397 0.010915 0.014235
0 0.520991 0.174377 0.010915 0.014235
0 0.520991 0.192171 0.010915 0.014235
0 0.561293 0.138790 0.010915 0.014235
0 0.573887 0.138790 0.010915 0.014235
0 0.561293 0.156584 0.010915 0.014235
0 0.573887 0.156584 0.010915 0.014235
0 0.561293 0.174377 0.010915 0.014235
0 0.573887 0.174377 0.010915 0.014235
0 0.573887 0.192171 0.010915 0.014235
0 0.562133 0.193357 0.010915 0.014235
0 0.561293 0.209964 0.010915 0.014235
0 0.561293 0.228944 0.010915 0.014235
0 0.561293 0.246738 0.010915 0.014235
0 0.561293 0.264531 0.010915 0.014235
0 0.573887 0.265718 0.010915 0.014235
0 0.562133 0.283511 0.010915 0.014235
0 0.573887 0.283511 0.010915 0.014235
0 0.609152 0.139976 0.010915 0.014235
0 0.622586 0.138790 0.010915 0.014235
0 0.609152 0.156584 0.010915 0.014235
0 0.609152 0.174377 0.010915 0.014235
0 0.622586 0.175563 0.010915 0.014235
0 0.622586 0.156584 0.010915 0.014235
0 0.621746 0.192171 0.010915 0.014235
0 0.609152 0.192171 0.010915 0.014235
0 0.609152 0.211151 0.010915 0.014235
0 0.609152 0.227758 0.010915 0.014235
0 0.609152 0.247924 0.010915 0.014235
0 0.609152 0.264531 0.010915 0.014235
0 0.622586 0.264531 0.010915 0.014235
0 0.622586 0.283511 0.010915 0.014235
0 0.609992 0.284698 0.010915 0.014235
0 0.507557 0.329775 0.010915 0.014235
0 0.519312 0.329775 0.010915 0.014235
0 0.519312 0.345196 0.010915 0.014235
0 0.507557 0.345196 0.010915 0.014235
0 0.507557 0.361803 0.010915 0.014235
0 0.520151 0.362989 0.010915 0.014235
0 0.557095 0.329775 0.010915 0.014235
0 0.557095 0.346382 0.010915 0.014235
0 0.507557 0.390273 0.010915 0.014235
0 0.557095 0.493476 0.010915 0.014235
0 0.557095 0.510083 0.010915 0.014235
0 0.557095 0.527877 0.010915 0.014235
