0 0.122803 0.219926 0.007902 0.013968
0 0.122803 0.247292 0.007902 0.013968
0 0.122803 0.275228 0.007902 0.013968
0 0.122319 0.302024 0.007902 0.013968
0 0.152475 0.301454 0.007902 0.013968
0 0.152798 0.274088 0.007902 0.013968
0 0.152959 0.247007 0.007902 0.013968
0 0.308418 0.246437 0.007902 0.013968
0 0.308418 0.266961 0.007902 0.013968
0 0.308741 0.287201 0.007902 0.013968
0 0.308741 0.307725 0.007902 0.013968
0 0.326157 0.246437 0.007902 0.013968
0 0.341800 0.247007 0.007902 0.013968
0 0.356636 0.246437 0.007902 0.013968
0 0.356797 0.266676 0.007902 0.013968
0 0.341477 0.266961 0.007902 0.013968
0 0.325996 0.266961 0.007902 0.013968
0 0.325996 0.286916 0.007902 0.013968
0 0.341477 0.286916 0.007902 0.013968
0 0.356797 0.286916 0.007902 0.013968
0 0.356475 0.306870 0.007902 0.013968
0 0.356475 0.326824 0.007902 0.013968
0 0.341638 0.327965 0.007902 0.013968
0 0.341638 0.307155 0.007902 0.013968
0 0.326318 0.307725 0.007902 0.013968
0 0.326318 0.326539 0.007902 0.013968
0 0.308579 0.327680 0.007902 0.013968
0 0.308579 0.347064 0.007902 0.013968
0 0.326157 0.348204 0.007902 0.013968
0 0.326157 0.368158 0.007902 0.013968
0 0.308741 0.367588 0.007902 0.013968
0 0.341961 0.368158 0.007902 0.013968
0 0.356636 0.368158 0.007902 0.013968
0 0.356959 0.388683 0.007902 0.013968
0 0.356636 0.408637 0.007902 0.013968
0 0.356959 0.429162 0.007902 0.013968
0 0.341638 0.428592 0.007902 0.013968
0 0.341638 0.408637 0.007902 0.013968
0 0.341316 0.387543 0.007902 0.013968
0 0.326318 0.388113 0.007902 0.013968
0 0.326318 0.408637 0.007902 0.013968
0 0.325996 0.428022 0.007902 0.013968
0 0.308418 0.428877 0.007902 0.013968
0 0.308095 0.408352 0.007902 0.013968
0 0.308418 0.387828 0.007902 0.013968
0 0.308741 0.448261 0.007902 0.013968
0 0.326157 0.447976 0.007902 0.013968
0 0.341316 0.448831 0.007902 0.013968
0 0.341638 0.468216 0.007902 0.013968
0 0.326480 0.468786 0.007902 0.013968
0 0.308579 0.469071 0.007902 0.013968
0 0.308257 0.489595 0.007902 0.013968
0 0.325996 0.488740 0.007902 0.013968
0 0.341800 0.489310 0.007902 0.013968
0 0.356959 0.488740 0.007902 0.013968
0 0.341477 0.508979 0.007902 0.013968
0 0.326318 0.508694 0.007902 0.013968
0 0.308418 0.509550 0.007902 0.013968
0 0.086841 0.686003 0.007902 0.013968
0 0.087163 0.716790 0.007902 0.013968
0 0.086841 0.747292 0.007902 0.013968
0 0.283100 0.609036 0.007902 0.013968
0 0.283422 0.635547 0.007902 0.013968
0 0.283422 0.663483 0.007902 0.013968
0 0.283100 0.690849 0.007902 0.013968
0 0.283422 0.718786 0.007902 0.013968
0 0.283745 0.745011 0.007902 0.013968
0 0.283422 0.772948 0.007902 0.013968
0 0.283100 0.800029 0.007902 0.013968
0 0.283100 0.827965 0.007902 0.013968
0 0.283100 0.854190 0.007902 0.013968
0 0.307773 0.854761 0.007902 0.013968
0 0.307450 0.828250 0.007902 0.013968
0 0.307773 0.772948 0.007902 0.013968
0 0.370182 0.773518 0.007902 0.013968
0 0.370182 0.800599 0.007902 0.013968
0 0.352927 0.800599 0.007902 0.013968
0 0.337768 0.800599 0.007902 0.013968
0 0.322932 0.799743 0.007902 0.013968
0 0.322609 0.826539 0.007902 0.013968
0 0.337768 0.827109 0.007902 0.013968
0 0.352604 0.827109 0.007902 0.013968
0 0.323093 0.745296 0.007902 0.013968
0 0.338252 0.744726 0.007902 0.013968
0 0.352766 0.745867 0.007902 0.013968
0 0.369860 0.745296 0.007902 0.013968
0 0.370182 0.717930 0.007902 0.013968
0 0.352927 0.717930 0.007902 0.013968
0 0.337768 0.718501 0.007902 0.013968
0 0.322932 0.718501 0.007902 0.013968
0 0.322609 0.689994 0.007902 0.013968
0 0.337929 0.691705 0.007902 0.013968
0 0.353088 0.691705 0.007902 0.013968
0 0.369860 0.691135 0.007902 0.013968
0 0.370182 0.663769 0.007902 0.013968
0 0.352604 0.663769 0.007902 0.013968
0 0.337768 0.663769 0.007902 0.013968
0 0.322609 0.663769 0.007902 0.013968
0 0.322932 0.636403 0.007902 0.013968
0 0.322771 0.609036 0.007902 0.013968
0 0.337929 0.608466 0.007902 0.013968
0 0.352927 0.609036 0.007902 0.013968
0 0.352766 0.636117 0.007902 0.013968
0 0.370182 0.635547 0.007902 0.013968
0 0.370827 0.608466 0.007902 0.013968
0 0.308095 0.881556 0.007902 0.013968
0 0.307450 0.908637 0.007902 0.013968
0 0.283100 0.882697 0.007902 0.013968
0 0.283100 0.909493 0.007902 0.013968
0 0.283100 0.936003 0.007902 0.013968
0 0.370182 0.937144 0.007902 0.013968
0 0.369698 0.908637 0.007902 0.013968
0 0.477907 0.268957 0.007902 0.013968
0 0.478229 0.246152 0.007902 0.013968
0 0.477584 0.286631 0.007902 0.013968
0 0.477907 0.306585 0.007902 0.013968
0 0.477907 0.327680 0.007902 0.013968
0 0.477584 0.347064 0.007902 0.013968
0 0.495968 0.348204 0.007902 0.013968
0 0.495646 0.328820 0.007902 0.013968
0 0.495485 0.307725 0.007902 0.013968
0 0.495807 0.287771 0.007902 0.013968
0 0.495485 0.267246 0.007902 0.013968
0 0.495162 0.246437 0.007902 0.013968
0 0.510643 0.246437 0.007902 0.013968
0 0.510966 0.266676 0.007902 0.013968
0 0.511611 0.287201 0.007902 0.013968
0 0.511289 0.307155 0.007902 0.013968
0 0.511289 0.327109 0.007902 0.013968
0 0.526125 0.327109 0.007902 0.013968
0 0.526447 0.307155 0.007902 0.013968
0 0.526125 0.286631 0.007902 0.013968
0 0.526125 0.267531 0.007902 0.013968
0 0.525802 0.245867 0.007902 0.013968
0 0.477907 0.368158 0.007902 0.013968
0 0.495968 0.368158 0.007902 0.013968
0 0.511127 0.367588 0.007902 0.013968
0 0.526447 0.368158 0.007902 0.013968
0 0.526770 0.388113 0.007902 0.013968
0 0.511611 0.387258 0.007902 0.013968
0 0.495807 0.387828 0.007902 0.013968
0 0.477907 0.388398 0.007902 0.013968
0 0.477584 0.408637 0.007902 0.013968
0 0.495646 0.408637 0.007902 0.013968
0 0.511289 0.408637 0.007902 0.013968
0 0.526447 0.409208 0.007902 0.013968
0 0.510966 0.428022 0.007902 0.013968
0 0.526125 0.428592 0.007902 0.013968
0 0.495807 0.428592 0.007902 0.013968
0 0.477907 0.428592 0.007902 0.013968
0 0.478068 0.447976 0.007902 0.013968
0 0.495646 0.447976 0.007902 0.013968
0 0.510966 0.448546 0.007902 0.013968
0 0.511127 0.467930 0.007902 0.013968
0 0.511127 0.489025 0.007902 0.013968
0 0.525964 0.489025 0.007902 0.013968
0 0.495646 0.488455 0.007902 0.013968
0 0.478229 0.489025 0.007902 0.013968
0 0.477907 0.467930 0.007902 0.013968
0 0.495968 0.468786 0.007902 0.013968
0 0.495323 0.509835 0.007902 0.013968
0 0.477746 0.508979 0.007902 0.013968
0 0.511611 0.509835 0.007902 0.013968
0 0.487744 0.605046 0.007902 0.013968
0 0.487744 0.633267 0.007902 0.013968
0 0.487744 0.661773 0.007902 0.013968
0 0.487744 0.690279 0.007902 0.013968
0 0.529350 0.661773 0.007902 0.013968
0 0.529350 0.689709 0.007902 0.013968
0 0.529350 0.632697 0.007902 0.013968
0 0.529673 0.605046 0.007902 0.013968
0 0.513869 0.605046 0.007902 0.013968
0 0.513224 0.634692 0.007902 0.013968
0 0.615788 0.275513 0.007902 0.013968
0 0.614981 0.332526 0.007902 0.013968
0 0.614659 0.392389 0.007902 0.013968
0 0.614981 0.447691 0.007902 0.013968
0 0.615627 0.505844 0.007902 0.013968
0 0.751250 0.346779 0.007902 0.013968
0 0.750927 0.418615 0.007902 0.013968
0 0.751572 0.490165 0.007902 0.013968
0 0.860587 0.394954 0.007902 0.013968
0 0.860910 0.347064 0.007902 0.013968
0 0.861232 0.440564 0.007902 0.013968
0 0.860587 0.488740 0.007902 0.013968
0 0.955249 0.345924 0.007902 0.013968
0 0.921867 0.219641 0.007902 0.013968
0 0.832043 0.220781 0.007902 0.013968
0 0.694646 0.219641 0.007902 0.013968
0 0.718029 0.179447 0.007902 0.013968
0 0.822367 0.178307 0.007902 0.013968
0 0.927350 0.177737 0.007902 0.013968
0 0.751089 0.588512 0.007902 0.013968
0 0.739478 0.611317 0.007902 0.013968
0 0.850750 0.587372 0.007902 0.013968
0 0.861716 0.612172 0.007902 0.013968
0 0.850105 0.636117 0.007902 0.013968
0 0.669489 0.621009 0.007902 0.013968
0 0.652072 0.644669 0.007902 0.013968
0 0.617723 0.644384 0.007902 0.013968
0 0.636591 0.618444 0.007902 0.013968
0 0.600951 0.669755 0.007902 0.013968
0 0.635139 0.670610 0.007902 0.013968
0 0.669811 0.671180 0.007902 0.013968
0 0.617884 0.797178 0.007902 0.013968
0 0.506451 0.841078 0.007902 0.013968
0 0.470489 0.888398 0.007902 0.013968
0 0.527737 0.914054 0.007902 0.013968
0 0.471779 0.790336 0.007902 0.013968
0 0.527737 0.814567 0.007902 0.013968
0 0.506773 0.865023 0.007902 0.013968
0 0.472424 0.914624 0.007902 0.013968
0 0.506451 0.938854 0.007902 0.013968
0 0.618691 0.860747 0.007902 0.013968
0 0.559668 0.923746 0.007902 0.013968
0 0.619336 0.903791 0.007902 0.013968
0 0.559507 0.942845 0.007902 0.013968
0 0.739478 0.718216 0.007902 0.013968
0 0.764473 0.741021 0.007902 0.013968
0 0.789469 0.765821 0.007902 0.013968
0 0.764796 0.788626 0.007902 0.013968
0 0.739478 0.812856 0.007902 0.013968
0 0.837204 0.812571 0.007902 0.013968
0 0.837849 0.765821 0.007902 0.013968
0 0.837204 0.718216 0.007902 0.013968
0 0.751089 0.848204 0.007902 0.013968
0 0.764473 0.872434 0.007902 0.013968
0 0.751734 0.895810 0.007902 0.013968
0 0.764473 0.919470 0.007902 0.013968
0 0.929286 0.715650 0.007902 0.013968
0 0.838010 0.871294 0.007902 0.013968
0 0.815756 0.894384 0.007902 0.013968
0 0.929608 0.788341 0.007902 0.013968
0 0.959603 0.741021 0.007902 0.013968
0 0.982180 0.765251 0.007902 0.013968
0 0.959765 0.811716 0.007902 0.013968
0 0.929608 0.847634 0.007902 0.013968
0 0.960087 0.895239 0.007902 0.013968
0 0.929447 0.918900 0.007902 0.013968
0 0.981697 0.894384 0.007902 0.013968
0 0.959442 0.918044 0.007902 0.013968
