0 0.205956 0.227165 0.009228 0.013049
0 0.205117 0.243772 0.009228 0.013049
0 0.205956 0.262752 0.009228 0.013049
0 0.205117 0.279359 0.009228 0.013049
0 0.205117 0.295967 0.009228 0.013049
0 0.205117 0.314947 0.009228 0.013049
0 0.205956 0.332740 0.009228 0.013049
0 0.205117 0.349348 0.009228 0.013049
0 0.205956 0.365955 0.009228 0.013049
0 0.230285 0.225979 0.009228 0.013049
0 0.229446 0.243772 0.009228 0.013049
0 0.229446 0.262752 0.009228 0.013049
0 0.229446 0.279359 0.009228 0.013049
0 0.229446 0.297153 0.009228 0.013049
0 0.229446 0.314947 0.009228 0.013049
0 0.230285 0.331554 0.009228 0.013049
0 0.230285 0.349348 0.009228 0.013049
0 0.229446 0.365955 0.009228 0.013049
0 0.261326 0.367141 0.009228 0.013049
0 0.260487 0.349348 0.009228 0.013049
0 0.260487 0.331554 0.009228 0.013049
0 0.260487 0.313760 0.009228 0.013049
0 0.260487 0.295967 0.009228 0.013049
0 0.260487 0.279359 0.009228 0.013049
0 0.260487 0.262752 0.009228 0.013049
0 0.289849 0.261566 0.009228 0.013049
0 0.290688 0.279359 0.009228 0.013049
0 0.290688 0.297153 0.009228 0.013049
0 0.290688 0.314947 0.009228 0.013049
0 0.290688 0.331554 0.009228 0.013049
0 0.290688 0.349348 0.009228 0.013049
0 0.290688 0.365955 0.009228 0.013049
0 0.236158 0.485765 0.009228 0.013049
0 0.236158 0.502372 0.009228 0.013049
0 0.236158 0.521352 0.009228 0.013049
0 0.236997 0.539146 0.009228 0.013049
0 0.252097 0.667260 0.009228 0.013049
0 0.252097 0.685053 0.009228 0.013049
0 0.250419 0.704033 0.009228 0.013049
0 0.251258 0.723013 0.009228 0.013049
0 0.251258 0.738434 0.009228 0.013049
0 0.226930 0.738434 0.009228 0.013049
0 0.226930 0.720641 0.009228 0.013049
0 0.226930 0.685053 0.009228 0.013049
0 0.226930 0.701661 0.009228 0.013049
0 0.226930 0.666074 0.009228 0.013049
0 0.195889 0.667260 0.009228 0.013049
0 0.195889 0.685053 0.009228 0.013049
0 0.195050 0.702847 0.009228 0.013049
0 0.195889 0.721827 0.009228 0.013049
0 0.195889 0.739620 0.009228 0.013049
0 0.146393 0.858244 0.009228 0.013049
0 0.145554 0.876038 0.009228 0.013049
0 0.145554 0.893832 0.009228 0.013049
0 0.146393 0.928233 0.009228 0.013049
0 0.302433 0.846382 0.009228 0.013049
0 0.302433 0.864176 0.009228 0.013049
0 0.302433 0.883155 0.009228 0.013049
0 0.301594 0.899763 0.009228 0.013049
0 0.053272 0.912811 0.007550 0.010676
0 0.085151 0.911625 0.007550 0.010676
0 0.462668 0.161922 0.009228 0.013049
0 0.463507 0.179715 0.009228 0.013049
0 0.462668 0.197509 0.009228 0.013049
0 0.462668 0.216489 0.009228 0.013049
0 0.462668 0.234282 0.009228 0.013049
0 0.613674 0.163108 0.009228 0.013049
0 0.613674 0.180902 0.009228 0.013049
0 0.613674 0.198695 0.009228 0.013049
0 0.612836 0.216489 0.009228 0.013049
0 0.613674 0.234282 0.009228 0.013049
0 0.518037 0.358837 0.009228 0.013049
0 0.517198 0.377817 0.009228 0.013049
0 0.517198 0.395611 0.009228 0.013049
0 0.517198 0.413405 0.009228 0.013049
0 0.517198 0.428826 0.009228 0.013049
0 0.518037 0.447805 0.009228 0.013049
0 0.518037 0.464413 0.009228 0.013049
0 0.517198 0.482206 0.009228 0.013049
0 0.517198 0.498814 0.009228 0.013049
0 0.542366 0.376631 0.009228 0.013049
0 0.542366 0.395611 0.009228 0.013049
0 0.541527 0.412218 0.009228 0.013049
0 0.542366 0.430012 0.009228 0.013049
0 0.542366 0.446619 0.009228 0.013049
0 0.542366 0.464413 0.009228 0.013049
0 0.542366 0.483393 0.009228 0.013049
0 0.542366 0.500000 0.009228 0.013049
0 0.568372 0.377817 0.009228 0.013049
0 0.568372 0.395611 0.009228 0.013049
0 0.568372 0.413405 0.009228 0.013049
0 0.567534 0.428826 0.009228 0.013049
0 0.568372 0.446619 0.009228 0.013049
0 0.568372 0.465599 0.009228 0.013049
0 0.568372 0.482206 0.009228 0.013049
0 0.567534 0.500000 0.009228 0.013049
0 0.477768 0.609134 0.009228 0.013049
0 0.477768 0.628114 0.009228 0.013049
0 0.476930 0.645907 0.009228 0.013049
0 0.477768 0.664887 0.009228 0.013049
0 0.477768 0.681495 0.009228 0.013049
0 0.477768 0.698102 0.009228 0.013049
0 0.605285 0.610320 0.009228 0.013049
0 0.605285 0.628114 0.009228 0.013049
0 0.606124 0.644721 0.009228 0.013049
0 0.606124 0.663701 0.009228 0.013049
0 0.606124 0.680308 0.009228 0.013049
0 0.606963 0.696916 0.009228 0.013049
0 0.603607 0.841637 0.009228 0.013049
0 0.603607 0.859431 0.009228 0.013049
0 0.603607 0.877224 0.009228 0.013049
0 0.603607 0.895018 0.009228 0.013049
0 0.603607 0.912811 0.009228 0.013049
0 0.603607 0.929419 0.009228 0.013049
0 0.603607 0.947212 0.009228 0.013049
0 0.603607 0.965006 0.009228 0.013049
0 0.873742 0.099051 0.009228 0.013049
0 0.873742 0.115658 0.009228 0.013049
0 0.874581 0.131079 0.009228 0.013049
0 0.873742 0.148873 0.009228 0.013049
0 0.897232 0.100237 0.009228 0.013049
0 0.897232 0.116845 0.009228 0.013049
0 0.897232 0.133452 0.009228 0.013049
0 0.896393 0.148873 0.009228 0.013049
0 0.881292 0.287663 0.009228 0.013049
0 0.881292 0.305457 0.009228 0.013049
0 0.901426 0.286477 0.009228 0.013049
0 0.900587 0.306643 0.009228 0.013049
0 0.901426 0.325623 0.009228 0.013049
0 0.881292 0.343416 0.009228 0.013049
0 0.818372 0.323250 0.009228 0.013049
0 0.760487 0.323250 0.009228 0.013049
0 0.755453 0.377817 0.009228 0.013049
0 0.708473 0.376631 0.009228 0.013049
0 0.799077 0.377817 0.009228 0.013049
0 0.901426 0.377817 0.009228 0.013049
0 0.973574 0.377817 0.009228 0.013049
0 0.947567 0.342230 0.009228 0.013049
0 0.948406 0.324437 0.009228 0.013049
0 0.948406 0.306643 0.009228 0.013049
0 0.947567 0.287663 0.009228 0.013049
0 0.924916 0.287663 0.009228 0.013049
0 0.971896 0.286477 0.009228 0.013049
0 0.972735 0.307829 0.009228 0.013049
0 0.973574 0.325623 0.009228 0.013049
0 0.806628 0.464413 0.009228 0.013049
0 0.806628 0.479834 0.009228 0.013049
0 0.806628 0.497628 0.009228 0.013049
0 0.806628 0.516607 0.009228 0.013049
0 0.806628 0.533215 0.009228 0.013049
0 0.807466 0.551008 0.009228 0.013049
0 0.967701 0.463227 0.009228 0.013049
0 0.967701 0.481020 0.009228 0.013049
0 0.967701 0.498814 0.009228 0.013049
0 0.966862 0.516607 0.009228 0.013049
0 0.966862 0.533215 0.009228 0.013049
0 0.967701 0.551008 0.009228 0.013049
0 0.966862 0.568802 0.009228 0.013049
0 0.807466 0.660142 0.009228 0.013049
0 0.807466 0.692171 0.009228 0.013049
0 0.808305 0.727758 0.009228 0.013049
0 0.976091 0.669632 0.009228 0.013049
0 0.975252 0.687426 0.009228 0.013049
0 0.975252 0.705219 0.009228 0.013049
0 0.975252 0.723013 0.009228 0.013049
0 0.815017 0.893832 0.009228 0.013049
0 0.815017 0.910439 0.009228 0.013049
0 0.815017 0.927046 0.009228 0.013049
0 0.830956 0.927046 0.009228 0.013049
0 0.830117 0.909253 0.009228 0.013049
0 0.830956 0.893832 0.009228 0.013049
