0 0.226442 0.145399 0.009845 0.014757
0 0.248945 0.144531 0.009845 0.014757
0 0.279887 0.145833 0.009845 0.012153
0 0.265120 0.200955 0.009845 0.014757
0 0.227145 0.201823 0.009845 0.014757
0 0.227145 0.166233 0.009845 0.014757
0 0.264416 0.165365 0.009845 0.014757
0 0.265823 0.234809 0.009845 0.014757
0 0.227145 0.234809 0.009845 0.014757
0 0.227848 0.276476 0.009845 0.014757
0 0.265120 0.277344 0.009845 0.014757
0 0.226442 0.312066 0.009845 0.014757
0 0.265120 0.311198 0.009845 0.014757
0 0.227848 0.342448 0.009845 0.014757
0 0.265823 0.344184 0.009845 0.014757
0 0.227145 0.379774 0.009845 0.014757
0 0.265120 0.377170 0.009845 0.014757
0 0.227848 0.411892 0.009845 0.014757
0 0.227848 0.445747 0.009845 0.014757
0 0.266526 0.443142 0.009845 0.014757
0 0.227848 0.477865 0.009845 0.014757
0 0.265120 0.477865 0.009845 0.014757
0 0.229255 0.511719 0.009845 0.014757
0 0.266526 0.513455 0.009845 0.014757
0 0.225738 0.547309 0.009845 0.014757
0 0.265120 0.547309 0.009845 0.014757
0 0.100563 0.582031 0.009845 0.014757
0 0.163150 0.582031 0.009845 0.014757
0 0.215893 0.579427 0.009845 0.014757
0 0.263713 0.580295 0.009845 0.014757
0 0.267932 0.710503 0.009845 0.014757
0 0.302391 0.711372 0.009845 0.014757
0 0.266526 0.737413 0.009845 0.014757
0 0.300281 0.737413 0.009845 0.014757
0 0.267229 0.763455 0.009845 0.014757
0 0.266526 0.788628 0.009845 0.014757
0 0.302391 0.788628 0.009845 0.014757
0 0.266526 0.815538 0.009845 0.014757
0 0.301688 0.814670 0.009845 0.014757
0 0.265823 0.838108 0.009845 0.014757
0 0.300985 0.838108 0.009845 0.014757
0 0.265823 0.864149 0.009845 0.014757
0 0.300985 0.864149 0.009845 0.014757
0 0.265823 0.890191 0.009845 0.014757
0 0.300985 0.889323 0.009845 0.014757
0 0.265120 0.916233 0.009845 0.014757
0 0.300985 0.915365 0.009845 0.014757
0 0.557665 0.082465 0.009845 0.012153
0 0.557665 0.104167 0.009845 0.012153
0 0.558368 0.122396 0.009845 0.012153
0 0.558368 0.143229 0.009845 0.012153
0 0.556259 0.161458 0.009845 0.012153
0 0.556259 0.183160 0.009845 0.012153
0 0.557665 0.217014 0.009845 0.012153
0 0.557665 0.250000 0.009845 0.012153
0 0.556962 0.285590 0.009845 0.012153
0 0.556259 0.320312 0.009845 0.012153
0 0.555556 0.357639 0.009845 0.012153
0 0.556962 0.438368 0.009845 0.012153
0 0.556962 0.463542 0.009845 0.012153
0 0.558368 0.486111 0.009845 0.012153
0 0.557665 0.512153 0.009845 0.012153
0 0.556962 0.535590 0.009845 0.012153
0 0.556962 0.631944 0.009845 0.012153
0 0.556962 0.651042 0.009845 0.012153
0 0.558368 0.671007 0.009845 0.012153
0 0.556962 0.690104 0.009845 0.012153
0 0.556962 0.710069 0.009845 0.012153
0 0.555556 0.729167 0.009845 0.012153
0 0.556259 0.746528 0.009845 0.012153
0 0.555556 0.768229 0.009845 0.012153
0 0.555556 0.785590 0.009845 0.012153
0 0.555556 0.804688 0.009845 0.012153
0 0.556259 0.825521 0.009845 0.012153
0 0.556259 0.842882 0.009845 0.012153
0 0.556962 0.862847 0.009845 0.012153
0 0.556962 0.881944 0.009845 0.012153
0 0.556962 0.900174 0.009845 0.012153
0 0.556259 0.919271 0.009845 0.012153
0 0.556259 0.939236 0.009845 0.012153
0 0.556962 0.959201 0.009845 0.012153
