0 0.163281 0.249171 0.008594 0.011050
0 0.183789 0.267956 0.008203 0.009945
0 0.225391 0.267403 0.008594 0.011050
0 0.225000 0.286188 0.008594 0.011050
0 0.204297 0.304420 0.008594 0.011050
0 0.182812 0.286740 0.008594 0.011050
0 0.162500 0.286740 0.008594 0.011050
0 0.163281 0.324862 0.008594 0.011050
0 0.224609 0.324309 0.008594 0.011050
0 0.183203 0.304420 0.008594 0.011050
0 0.225000 0.343094 0.008594 0.011050
0 0.183594 0.343094 0.008594 0.011050
0 0.163281 0.361878 0.008594 0.011050
0 0.204297 0.361878 0.008594 0.011050
0 0.225391 0.381215 0.008594 0.011050
0 0.205078 0.400000 0.008594 0.011050
0 0.225000 0.417127 0.008594 0.011050
0 0.205078 0.437569 0.008594 0.011050
0 0.226172 0.455249 0.008594 0.011050
0 0.205078 0.475138 0.008594 0.011050
0 0.226172 0.493923 0.008594 0.011050
0 0.204687 0.512707 0.008594 0.011050
0 0.182812 0.493923 0.008594 0.011050
0 0.162500 0.474586 0.008594 0.011050
0 0.183594 0.455801 0.008594 0.011050
0 0.162891 0.436464 0.008594 0.011050
0 0.183203 0.418785 0.008594 0.011050
0 0.162500 0.398895 0.008594 0.011050
0 0.183594 0.381215 0.008594 0.011050
0 0.205078 0.249171 0.008594 0.011050
0 0.408203 0.249724 0.008594 0.011050
0 0.428516 0.268508 0.008594 0.011050
0 0.449609 0.286188 0.008594 0.011050
0 0.428516 0.304972 0.008594 0.011050
0 0.408594 0.324862 0.008594 0.011050
0 0.428516 0.343094 0.008594 0.011050
0 0.450391 0.360773 0.008594 0.011050
0 0.428906 0.380663 0.008594 0.011050
0 0.408203 0.399448 0.008594 0.011050
0 0.428906 0.418232 0.008594 0.011050
0 0.449219 0.437569 0.008594 0.011050
0 0.641797 0.249724 0.008594 0.011050
0 0.641797 0.286188 0.008594 0.011050
0 0.641797 0.325414 0.008594 0.011050
0 0.642188 0.434807 0.008594 0.011050
0 0.641797 0.472928 0.008594 0.011050
0 0.892188 0.250829 0.008594 0.011050
0 0.906641 0.267956 0.008594 0.011050
0 0.891797 0.304972 0.008594 0.011050
0 0.905859 0.323757 0.008594 0.011050
0 0.892188 0.343646 0.008594 0.011050
0 0.956250 0.343094 0.008594 0.011050
0 0.970703 0.306077 0.008594 0.011050
0 0.955078 0.267956 0.008594 0.011050
0 0.970313 0.249171 0.008594 0.011050
0 0.956641 0.287293 0.008594 0.011050
0 0.955859 0.325414 0.008594 0.011050
0 0.891797 0.481215 0.008594 0.011050
0 0.955469 0.480663 0.008594 0.011050
0 0.891406 0.518232 0.008594 0.011050
0 0.907031 0.536464 0.008594 0.011050
0 0.891797 0.555801 0.008594 0.011050
0 0.956641 0.518232 0.008594 0.011050
0 0.970703 0.537569 0.008594 0.011050
0 0.955078 0.555249 0.008594 0.011050
0 0.891406 0.693923 0.008594 0.011050
0 0.906641 0.711050 0.008594 0.011050
0 0.891406 0.730939 0.008594 0.011050
0 0.906641 0.750276 0.008594 0.011050
0 0.891016 0.767403 0.008594 0.011050
0 0.906250 0.805525 0.008594 0.011050
0 0.955859 0.692818 0.008594 0.011050
0 0.971094 0.712155 0.008594 0.011050
0 0.955859 0.730387 0.008594 0.011050
0 0.971094 0.748619 0.008594 0.011050
0 0.955859 0.768508 0.008594 0.011050
0 0.970703 0.805525 0.008594 0.011050
0 0.642188 0.581768 0.008594 0.011050
0 0.642188 0.618232 0.008594 0.011050
0 0.642188 0.734254 0.008594 0.011050
0 0.641797 0.770718 0.008594 0.011050
0 0.642188 0.808287 0.008594 0.011050
0 0.641406 0.845304 0.008594 0.011050
0 0.642578 0.884530 0.008594 0.011050
0 0.641406 0.920994 0.008594 0.011050
0 0.641797 0.958564 0.008594 0.011050
0 0.896484 0.923204 0.008594 0.011050
0 0.922656 0.941989 0.008594 0.011050
0 0.961719 0.961326 0.008594 0.011050
0 0.961328 0.924309 0.008594 0.011050
0 0.896875 0.961878 0.008594 0.011050
0 0.163281 0.620442 0.008594 0.011050
0 0.205469 0.621547 0.008594 0.011050
0 0.225391 0.639779 0.008594 0.011050
0 0.205078 0.659116 0.008594 0.011050
0 0.183594 0.640331 0.008594 0.011050
0 0.163672 0.658011 0.008594 0.011050
0 0.183594 0.676243 0.008594 0.011050
0 0.204687 0.695580 0.008594 0.011050
0 0.183203 0.715470 0.008594 0.011050
0 0.164453 0.696685 0.008594 0.011050
0 0.225391 0.677901 0.008594 0.011050
0 0.225391 0.716022 0.008594 0.011050
0 0.204687 0.733702 0.008594 0.011050
0 0.183984 0.753039 0.008594 0.011050
0 0.162500 0.769613 0.008594 0.011050
0 0.162891 0.733149 0.008594 0.011050
0 0.205078 0.770718 0.008594 0.011050
0 0.225781 0.753591 0.008594 0.011050
0 0.163281 0.875691 0.008594 0.011050
0 0.183594 0.893923 0.008594 0.011050
0 0.204297 0.911602 0.008594 0.011050
0 0.205273 0.874862 0.009766 0.012707
0 0.163477 0.931215 0.009766 0.012707
0 0.408594 0.562983 0.008594 0.011050
0 0.428906 0.581215 0.008594 0.011050
0 0.449609 0.598895 0.008594 0.011050
0 0.429688 0.617127 0.008594 0.011050
0 0.407813 0.637017 0.008594 0.011050
0 0.428516 0.655801 0.008594 0.011050
0 0.450391 0.674586 0.008594 0.011050
0 0.407813 0.691713 0.008594 0.011050
0 0.428906 0.712155 0.008594 0.011050
0 0.449219 0.730387 0.008594 0.011050
0 0.408594 0.750276 0.008594 0.011050
0 0.408984 0.598895 0.008594 0.011050
0 0.407813 0.875691 0.008594 0.011050
0 0.428516 0.893370 0.008594 0.011050
0 0.449609 0.912155 0.008594 0.011050
0 0.429297 0.932597 0.008594 0.011050
0 0.407422 0.951934 0.008594 0.011050
0 0.450391 0.875138 0.008594 0.011050
0 0.408594 0.911050 0.008594 0.011050
0 0.449609 0.949724 0.008594 0.011050
