0 0.455581 0.272826 0.077449 0.015217
0 0.455581 0.304348 0.077449 0.015217
0 0.455581 0.352174 0.077449 0.015217
0 0.455581 0.410326 0.082005 0.031522
0 0.455581 0.377717 0.082005 0.031522
0 0.453303 0.441848 0.082005 0.031522
0 0.453303 0.477717 0.082005 0.031522
0 0.451025 0.509239 0.082005 0.031522
0 0.453303 0.540761 0.082005 0.031522
0 0.453303 0.572283 0.082005 0.031522
0 0.908884 0.442935 0.082005 0.031522
0 0.908884 0.408152 0.082005 0.031522
0 0.904328 0.377717 0.082005 0.031522
0 0.906606 0.344022 0.082005 0.031522
0 0.904328 0.311413 0.082005 0.031522
0 0.908884 0.279891 0.082005 0.031522
0 0.908884 0.560326 0.082005 0.031522
0 0.906606 0.592935 0.082005 0.031522
0 0.906606 0.626630 0.082005 0.031522
0 0.906606 0.657065 0.082005 0.031522
0 0.906606 0.688587 0.082005 0.031522
0 0.455581 0.723370 0.082005 0.031522
0 0.906606 0.805978 0.082005 0.031522
0 0.453303 0.757065 0.082005 0.031522
0 0.453303 0.788587 0.082005 0.031522
0 0.455581 0.823370 0.082005 0.031522
